%YAML:1.0
---
body_T_wheel: !!opencv-matrix
   rows: 4
   cols: 4
   dt: d
   data: [ 3.9363241885180700e-02, -9.9912488266622612e-01,
       -1.4142277945551507e-02, -4.8204385710735190e-03,
       -4.1909072136191328e-02, 1.2490002110522425e-02,
       -9.9904335717723658e-01, 8.1676129775943229e-01,
       9.9834571409956618e-01, 3.9918275068941134e-02,
       -4.1380749806499972e-02, -2.1748089623735374e-02, 0., 0., 0., 1. ]
