%YAML:1.0
---
body_T_wheel: !!opencv-matrix
   rows: 4
   cols: 4
   dt: d
   data: [ 9.9998919009618015e-01, -4.6420351402021122e-03,
       2.6683429829573639e-04, 4.0951298951852351e-02,
       4.5931093093976366e-03, 9.9511702988781370e-01,
       9.8595132608704839e-02, -1.9521501357495773e-02,
       -7.2321342461474701e-04, -9.8592841205704662e-02,
       9.9512759414324814e-01, -1.7000000000000000e+00, 0., 0., 0., 1. ]
