%YAML:1.0
---
body_T_wheel: !!opencv-matrix
   rows: 4
   cols: 4
   dt: d
   data: [ 9.9993101038553811e-01, -4.9773992948662612e-03,
       -1.0639547246771188e-02, -2.3926115703036427e-01,
       4.8893312604945593e-03, 9.9995370507619574e-01,
       -8.2874691078606011e-03, 2.7101241717227431e-01,
       1.0680304732635778e-02, 8.2348770876108368e-03,
       9.9990905480957115e-01, -2.4396460323898558e-01, 0., 0., 0., 1. ]
