%YAML:1.0
---
body_T_wheel: !!opencv-matrix
   rows: 4
   cols: 4
   dt: d
   data: [ 1., 0., 0., -2.0849999999999999e-01, 0., 1., 0.,
       2.9020000000000001e-01, 0., 0., 1., -1.6810000000000000e-01, 0.,
       0., 0., 1. ]
