%YAML:1.0
---
body_T_wheel: !!opencv-matrix
   rows: 4
   cols: 4
   dt: d
   data: [ 3.6725775166002617e-02, -9.9923146051791067e-01,
       -1.3700574794504594e-02, 0.542016,
       -4.1761692564246555e-02, 1.2163225418246992e-02,
       -9.9905356061704453e-01, 0.429878,
       9.9845239169057332e-01, 3.7263175638537760e-02,
       -4.1282893172668533e-02, -0.137642, 0., 0., 0., 1. ]
