%YAML:1.0
---
body_T_wheel: !!opencv-matrix
   rows: 4
   cols: 4
   dt: d
   data: [ 1., 0., 0., 1.1111313752760009e-01, 0., 1., 0.,
       4.6419587903411691e-03, 0., 0., 1., -1.3991376482124485e+03, 0.,
       0., 0., 1. ]
