%YAML:1.0
---
body_T_wheel: !!opencv-matrix
   rows: 4
   cols: 4
   dt: d
   data: [ 3.5083602539897840e-02, -9.9928565387538171e-01,
       -1.4047163118339090e-02, 1.3279773591639585e-03,
       -4.1188451623753841e-02, 1.2598087047072215e-02,
       -9.9907196920721986e-01, 8.5592670374570812e-01,
       9.9853525340153115e-01, 3.5629624774969892e-02,
       -4.0717042534234915e-02, -1.4185319737909440e-01, 0., 0., 0., 1. ]
