%YAML:1.0
---
body_T_wheel: !!opencv-matrix
   rows: 4
   cols: 4
   dt: d
   data: [ 1., 0., 0., 1.0042275015242288e-01, 0., 1., 0.,
       9.0085498505690198e-02, 0., 0., 1., -1.6800000000000001e-01, 0.,
       0., 0., 1. ]
