%YAML:1.0
---
sx: 5.2411167610097176e-01
sy: -2.0614299253543662e+06
sw: 9.6474023008559950e-01
