%YAML:1.0
---
sx: 9.7624849651364110e-01
sy: 5.3335363282079203e+05
sw: 9.9700416805512870e-01
