%YAML:1.0
---
sx: 1.1667790620540424e+00
sy: 1.1584007834561687e+00
sw: 9.9662873060824941e-01
